#log10en log10en_bsize       nevents        exposure
 19.05        0.10         3.26600e+03     9.29787e+17
 19.15        0.10         2.18700e+03     9.29787e+17
 19.25        0.10         1.38300e+03     9.29787e+17
 19.35        0.10         8.59000e+02     9.29787e+17
 19.45        0.10         5.27000e+02     9.29787e+17
 19.55        0.10         3.74000e+02     9.29787e+17
 19.65        0.10         2.07000e+02     9.29787e+17
 19.75        0.10         7.00000e+01     9.29787e+17
 19.85        0.10         3.50000e+01     9.29787e+17
 19.95        0.10         2.10000e+01     9.29787e+17
 20.05        0.10         6.00000e+00     9.29787e+17
 20.15        0.10         2.00000e+00     9.29787e+17
 20.25        0.10         0.00000e+00     9.29787e+17
 20.35        0.10         0.00000e+00     9.29787e+17
 20.45        0.10         0.00000e+00     9.29787e+17
