#log10en log10en_bsize       nevents        exposure
 19.05        0.10         3.24800e+03     9.29787e+17
 19.15        0.10         2.23200e+03     9.29787e+17
 19.25        0.10         1.43600e+03     9.29787e+17
 19.35        0.10         8.63000e+02     9.29787e+17
 19.45        0.10         5.39000e+02     9.29787e+17
 19.55        0.10         3.72000e+02     9.29787e+17
 19.65        0.10         2.03000e+02     9.29787e+17
 19.75        0.10         8.90000e+01     9.29787e+17
 19.85        0.10         3.80000e+01     9.29787e+17
 19.95        0.10         1.20000e+01     9.29787e+17
 20.05        0.10         1.00000e+01     9.29787e+17
 20.15        0.10         3.00000e+00     9.29787e+17
 20.25        0.10         1.00000e+00     9.29787e+17
 20.35        0.10         0.00000e+00     9.29787e+17
 20.45        0.10         0.00000e+00     9.29787e+17
