#log10en log10en_bsize       nevents        exposure
 19.05        0.10         6.40000e+02     1.84452e+17
 19.15        0.10         4.64000e+02     1.84452e+17
 19.25        0.10         2.91000e+02     1.84452e+17
 19.35        0.10         1.77000e+02     1.84452e+17
 19.45        0.10         1.06000e+02     1.84452e+17
 19.55        0.10         6.90000e+01     1.84452e+17
 19.65        0.10         4.90000e+01     1.84452e+17
 19.75        0.10         1.50000e+01     1.84452e+17
 19.85        0.10         9.00000e+00     1.84452e+17
 19.95        0.10         2.00000e+00     1.84452e+17
 20.05        0.10         0.00000e+00     1.84452e+17
 20.15        0.10         0.00000e+00     1.84452e+17
 20.25        0.10         0.00000e+00     1.84452e+17
 20.35        0.10         0.00000e+00     1.84452e+17
 20.45        0.10         0.00000e+00     1.84452e+17
